0: (0.707106781186547,0) (0.707106781186547,0) (0.707106781186547,0) (-0.707106781186547,0)
1: (0,0) (0.999999999999999,0) (0.999999999999999,0) (0,0)
2: (0,0) (0,-0.999999999999999) (0,0.999999999999999) (0,0)
3: (0.999999999999999,0) (0,0) (0,0) (-0.999999999999999,0)
4: (0.999999999999999,0) (0,0) (0,0) (0,0.999999999999999)
5: (0,0.707106781186547) (0,-0.707106781186547) (0,0.707106781186547) (0,0.707106781186547)
6: (0.707106781186547,0) (-0.707106781186547,0) (-0.707106781186547,0) (-0.707106781186547,0)
7: (0.707106781186547,0) (0,0.707106781186547) (-0.707106781186547,0) (0,0.707106781186547)
8: (0,0) (0,0.999999999999999) (0,-0.999999999999999) (0,0)
9: (0,-0.707106781186547) (0,0.707106781186547) (0,-0.707106781186547) (0,-0.707106781186547)
10: (0,0.707106781186547) (0,0.707106781186547) (0,-0.707106781186547) (0,0.707106781186547)
11: (0,0.707106781186547) (0.707106781186547,0) (0,-0.707106781186547) (0.707106781186547,0)
12: (-0.707106781186547,0) (0.707106781186547,0) (0.707106781186547,0) (0.707106781186547,0)
13: (0,-0.707106781186547) (0,-0.707106781186547) (0,0.707106781186547) (0,-0.707106781186547)
14: (0.707106781186547,0) (0,-0.707106781186547) (0.707106781186547,0) (0,0.707106781186547)
15: (0.5,0.5) (0.5,-0.5) (0.5,-0.5) (0.5,0.5)
16: (-0.707106781186547,0) (0,-0.707106781186547) (0.707106781186547,0) (0,-0.707106781186547)
17: (0.707106781186547,0) (-0.707106781186547,0) (0.707106781186547,0) (0.707106781186547,0)
18: (0,1) (0,0) (0,0) (0,1)
19: (0,1) (0,0) (0,0) (1,0)
20: (-1,0) (0,0) (0,0) (1,0)
21: (0,-1) (0,0) (0,0) (0,-1)
22: (0,0) (0,-1) (1,0) (0,0)
23: (0,0.707106781186547) (0,-0.707106781186547) (0.707106781186547,0) (0.707106781186547,0)
24: (-1,0) (0,0) (0,0) (0,-1)
25: (0,0) (-1,0) (1,0) (0,0)
26: (-0.707106781186547,0) (-0.707106781186547,0) (-0.707106781186547,0) (0.707106781186547,0)
27: (0,-0.707106781186547) (-0.707106781186547,0) (0,0.707106781186547) (-0.707106781186547,0)
28: (0,0) (-1,0) (-1,0) (0,0)
29: (0,-1) (0,0) (0,0) (-1,0)
30: (0,0) (-1,0) (0,1) (0,0)
31: (0.707106781186547,0) (-0.707106781186547,0) (0,0.707106781186547) (0,0.707106781186547)
32: (0,0) (0,1) (0,1) (0,0)
33: (0,0) (0,1) (-1,0) (0,0)
34: (0,0) (1,0) (0,-1) (0,0)
35: (0.707106781186547,0) (0.707106781186547,0) (0,-0.707106781186547) (0,0.707106781186547)
36: (1,0) (0,0) (0,0) (1,0)
37: (0.707106781186547,0) (0,0.707106781186547) (0,0.707106781186547) (0.707106781186547,0)
38: (0,-0.707106781186547) (0,0.707106781186547) (-0.707106781186547,0) (-0.707106781186547,0)
39: (0,0) (1,0) (-1,0) (0,0)
40: (0.707106781186547,0) (0.707106781186547,0) (-0.707106781186547,0) (0.707106781186547,0)
41: (0,0) (0,-1) (0,-1) (0,0)
42: (1,0) (0,0) (0,0) (0,-1)
43: (0,0.707106781186547) (-0.707106781186547,0) (0,0.707106781186547) (0.707106781186547,0)
44: (0.5,0.5) (-0.5,0.5) (-0.5,0.5) (0.5,0.5)
45: (0,0.707106781186547) (0,0.707106781186547) (0,0.707106781186547) (0,-0.707106781186547)
46: (-0.707106781186547,0) (0,0.707106781186547) (-0.707106781186547,0) (-0,-0.707106781186547)
47: (0,-0.707106781186547) (0.707106781186547,0) (0,-0.707106781186547) (-0.707106781186547,0)
48: (0.5,-0.5) (0.5,0.5) (-0.5,-0.5) (-0.5,0.5)
49: (0.5,0.5) (0.5,0.5) (-0.5,0.5) (0.5,-0.5)
50: (-0.5,-0.5) (-0.5,0.5) (-0.5,0.5) (-0.5,-0.5)
51: (-0.707106781186547,0) (0.707106781186547,0) (-0.707106781186547,0) (-0.707106781186547,0)
52: (0,-0.707106781186547) (0,-0.707106781186547) (-0,-0.707106781186547) (0,0.707106781186547)
53: (0.707106781186547,0) (0,-0.707106781186547) (-0.707106781186547,0) (-0,-0.707106781186547)
54: (-0.707106781186547,0) (0.707106781186547,0) (0,-0.707106781186547) (0,-0.707106781186547)
55: (-0.5,-0.5) (0.5,-0.5) (0.5,-0.5) (-0.5,-0.5)
56: (-0.5,0.5) (0.5,0.5) (-0.5,-0.5) (0.5,-0.5)
57: (0,0.707106781186547) (0,-0.707106781186547) (0,-0.707106781186547) (0,-0.707106781186547)
58: (0.5,0.5) (-0.5,-0.5) (0.5,-0.5) (0.5,-0.5)
59: (0,1) (0,0) (0,0) (0,-1)
60: (0,0.707106781186547) (-0.707106781186547,0) (0,-0.707106781186547) (-0.707106781186547,0)
61: (-0.5,0.5) (-0.5,-0.5) (0.5,0.5) (0.5,-0.5)
62: (-0.707106781186547,0) (-0.707106781186547,0) (0.707106781186547,0) (-0.707106781186547,0)
63: (0.5,-0.5) (-0.5,-0.5) (0.5,0.5) (-0.5,0.5)
64: (0,-0.707106781186547) (0,0.707106781186547) (0,0.707106781186547) (0,0.707106781186547)
65: (0.5,-0.5) (-0.5,0.5) (0.5,0.5) (0.5,0.5)
66: (0.707106781186547,0) (0,0.707106781186547) (0.707106781186547,0) (0,-0.707106781186547)
67: (0.707106781186547,0.707106781186547) (0,0) (0,0) (0.707106781186547,-0.707106781186547)
68: (-0.5,0.5) (0.5,-0.5) (-0.5,-0.5) (-0.5,-0.5)
69: (0.5,0.5) (-0.5,0.5) (0.5,-0.5) (-0.5,-0.5)
70: (-0.5,-0.5) (-0.5,-0.5) (0.5,-0.5) (-0.5,0.5)
71: (-0.707106781186547,0) (0,0.707106781186547) (0.707106781186547,0) (0,0.707106781186547)
72: (0,0) (0,1) (1,0) (0,0)
73: (0,-1) (0,0) (0,0) (0,1)
74: (0,-0.707106781186547) (0.707106781186547,0) (0,0.707106781186547) (0.707106781186547,0)
75: (0.5,-0.5) (0.5,0.5) (0.5,0.5) (0.5,-0.5)
76: (0,0.707106781186547) (0,0.707106781186547) (-0.707106781186547,0) (0.707106781186547,0)
77: (0,0.707106781186547) (-0.707106781186547,0) (0.707106781186547,0) (0,-0.707106781186547)
78: (0,1) (0,0) (0,0) (-1,0)
79: (-0.707106781186547,0) (-0.707106781186547,0) (0,0.707106781186547) (0,-0.707106781186547)
80: (-1,0) (0,0) (0,0) (-1,0)
81: (0,-0.707106781186547) (0,-0.707106781186547) (0.707106781186547,0) (-0.707106781186547,0)
82: (0,-0.707106781186547) (-0.707106781186547,0) (0.707106781186547,0) (0,0.707106781186547)
83: (0.5,0.5) (-0.5,0.5) (0.5,0.5) (0.5,-0.5)
84: (0,0.707106781186547) (0.707106781186547,0) (-0.707106781186547,0) (0,-0.707106781186547)
85: (0,0.707106781186547) (0,0.707106781186547) (0.707106781186547,0) (-0.707106781186547,0)
86: (-0.707106781186547,0) (-0,-0.707106781186547) (0,-0.707106781186547) (-0.707106781186547,0)
87: (-1,0) (0,0) (0,0) (0,1)
88: (0,-1) (0,0) (0,0) (1,0)
89: (0,-0.707106781186547) (0,0.707106781186547) (0.707106781186547,0) (0.707106781186547,0)
90: (-0.5,-0.5) (0.5,0.5) (-0.5,0.5) (-0.5,0.5)
91: (0,-0.707106781186547) (0.707106781186547,0) (-0.707106781186547,0) (0,0.707106781186547)
92: (-0.707106781186547,0) (0,0.707106781186547) (0,0.707106781186547) (-0.707106781186547,0)
93: (0,0) (1,0) (0,1) (0,0)
94: (0.5,-0.5) (0.5,0.5) (-0.5,0.5) (0.5,0.5)
95: (0.707106781186547,0) (0,-0.707106781186547) (0,-0.707106781186547) (0.707106781186547,0)
96: (0.707106781186547,0) (0.707106781186547,0) (0,0.707106781186547) (0,-0.707106781186547)
97: (0,0.707106781186547) (0.707106781186547,0) (0,0.707106781186547) (-0.707106781186547,0)
98: (-0.707106781186547,0) (0.707106781186547,0) (0,0.707106781186547) (0,0.707106781186547)
99: (0,0) (0,-1) (-1,0) (0,0)
100: (0,0) (-1,0) (0,-1) (0,0)
101: (0.5,0.5) (0.5,-0.5) (-0.5,-0.5) (0.5,-0.5)
102: (0.707106781186547,0) (-0.707106781186547,0) (0,-0.707106781186547) (0,-0.707106781186547)
103: (0.5,0.5) (0.5,0.5) (0.5,0.5) (-0.5,-0.5)
104: (-0.5,-0.5) (-0.5,0.5) (0.5,0.5) (-0.5,0.5)
105: (0,-0.707106781186547) (0,-0.707106781186547) (-0.707106781186547,0) (0.707106781186547,0)
106: (0.707106781186547,0) (0,-0.707106781186547) (0,0.707106781186547) (-0.707106781186547,0)
107: (-0.5,-0.5) (0.5,-0.5) (-0.5,-0.5) (-0.5,0.5)
108: (0,0.707106781186547) (0,-0.707106781186547) (-0.707106781186547,0) (-0.707106781186547,0)
109: (0.5,0.5) (0.5,-0.5) (-0.5,0.5) (-0.5,-0.5)
110: (-0.707106781186547,0) (0,-0.707106781186547) (-0.707106781186547,0) (0,0.707106781186547)
111: (0,-0.707106781186547) (-0.707106781186547,0) (0,-0.707106781186547) (0.707106781186547,0)
112: (0.707106781186547,0) (0,0.707106781186547) (0,-0.707106781186547) (-0.707106781186547,0)
113: (-0.5,0.5) (-0.5,0.5) (0.5,0.5) (-0.5,-0.5)
114: (0,0) (0.707106781186547,0.707106781186547) (-0.707106781186547,0.707106781186547) (0,0)
115: (0.5,-0.5) (0.5,-0.5) (-0.5,-0.5) (0.5,0.5)
116: (-0.5,0.5) (0.5,0.5) (0.5,0.5) (-0.5,0.5)
117: (0,0) (0.707106781186547,-0.707106781186547) (-0.707106781186547,-0.707106781186547) (0,0)
118: (0.5,-0.5) (-0.5,-0.5) (-0.5,-0.5) (0.5,-0.5)
119: (0.707106781186547,0.707106781186547) (0,0) (0,0) (-0.707106781186547,-0.707106781186547)
120: (0,0) (-0.707106781186547,0.707106781186547) (0.707106781186547,0.707106781186547) (0,0)
121: (-0.5,-0.5) (0.5,-0.5) (-0.5,0.5) (0.5,0.5)
122: (0.5,0.5) (-0.5,-0.5) (-0.5,0.5) (-0.5,0.5)
123: (-0.707106781186547,-0.707106781186547) (0,0) (0,0) (-0.707106781186547,0.707106781186547)
124: (-0.5,0.5) (-0.5,-0.5) (-0.5,-0.5) (-0.5,0.5)
125: (0.5,-0.5) (-0.5,0.5) (-0.5,-0.5) (-0.5,-0.5)
126: (-0.5,0.5) (-0.5,-0.5) (0.5,-0.5) (-0.5,-0.5)
127: (-0.707106781186547,0) (-0.707106781186547,0) (0,-0.707106781186547) (0,0.707106781186547)
128: (0,0) (-0.707106781186547,-0.707106781186547) (0.707106781186547,-0.707106781186547) (0,0)
129: (-0.5,-0.5) (-0.5,0.5) (0.5,-0.5) (0.5,0.5)
130: (-0.707106781186547,0.707106781186547) (0,0) (0,0) (-0.707106781186547,-0.707106781186547)
131: (0,0) (-0.707106781186547,0.707106781186547) (0.707106781186547,-0.707106781186547) (0,0)
132: (0.707106781186547,-0.707106781186547) (0,0) (0,0) (0.707106781186547,0.707106781186547)
133: (0.5,0.5) (0.5,0.5) (0.5,-0.5) (-0.5,0.5)
134: (-0.5,0.5) (-0.5,0.5) (-0.5,-0.5) (0.5,0.5)
135: (0,0) (0.707106781186547,0.707106781186547) (0.707106781186547,0.707106781186547) (0,0)
136: (0.5,-0.5) (0.5,-0.5) (0.5,0.5) (-0.5,-0.5)
137: (0,0) (0.707106781186547,-0.707106781186547) (-0.707106781186547,0.707106781186547) (0,0)
138: (0.707106781186547,0.707106781186547) (0,0) (0,0) (-0.707106781186547,0.707106781186547)
139: (0,0) (-0.707106781186547,-0.707106781186547) (-0.707106781186547,-0.707106781186547) (0,0)
140: (-0.5,-0.5) (0.5,0.5) (0.5,-0.5) (0.5,-0.5)
141: (0,0) (0.707106781186547,0.707106781186547) (0.707106781186547,-0.707106781186547) (0,0)
142: (-0.707106781186547,-0.707106781186547) (0,0) (0,0) (0.707106781186547,0.707106781186547)
143: (-0.5,0.5) (0.5,-0.5) (0.5,0.5) (0.5,0.5)
144: (0,0.707106781186547) (0.707106781186547,0) (0.707106781186547,0) (0,0.707106781186547)
145: (0,0) (0.707106781186547,-0.707106781186547) (0.707106781186547,0.707106781186547) (0,0)
146: (-0.5,-0.5) (-0.5,-0.5) (-0.5,0.5) (0.5,-0.5)
147: (-0.5,0.5) (0.5,0.5) (-0.5,0.5) (-0.5,-0.5)
148: (-0.5,0.5) (-0.5,0.5) (0.5,-0.5) (-0.5,0.5)
149: (0.5,-0.5) (-0.5,-0.5) (0.5,-0.5) (0.5,0.5)
150: (0,0.707106781186547) (-0.707106781186547,0) (-0.707106781186547,0) (0,0.707106781186547)
151: (-0.5,-0.5) (0.5,0.5) (0.5,0.5) (0.5,0.5)
152: (0,-0.707106781186547) (0.707106781186547,0) (0.707106781186547,0) (0,-0.707106781186547)
153: (0.5,-0.5) (0.5,-0.5) (-0.5,0.5) (0.5,-0.5)
154: (0.5,0.5) (0.5,-0.5) (0.5,0.5) (-0.5,0.5)
155: (0.5,0.5) (-0.5,-0.5) (-0.5,-0.5) (-0.5,-0.5)
156: (-0.707106781186547,0) (0,0.707106781186547) (0,-0.707106781186547) (0.707106781186547,0)
157: (-0.5,0.5) (0.5,0.5) (0.5,-0.5) (0.5,0.5)
158: (-0.5,-0.5) (-0.5,-0.5) (-0.5,-0.5) (0.5,0.5)
159: (-0.707106781186547,0) (-0,-0.707106781186547) (0,0.707106781186547) (0.707106781186547,0)
160: (-0.5,-0.5) (0.5,-0.5) (0.5,0.5) (0.5,-0.5)
161: (0,-0.707106781186547) (-0.707106781186547,0) (-0.707106781186547,0) (0,-0.707106781186547)
162: (-0.5,0.5) (0.5,-0.5) (-0.5,0.5) (-0.5,0.5)
163: (0.5,-0.5) (-0.5,-0.5) (-0.5,0.5) (-0.5,-0.5)
164: (0.5,-0.5) (-0.5,0.5) (0.5,-0.5) (0.5,-0.5)
165: (-0.5,0.5) (-0.5,-0.5) (-0.5,0.5) (0.5,0.5)
166: (0.5,0.5) (-0.5,0.5) (-0.5,-0.5) (-0.5,0.5)
167: (0.5,-0.5) (0.5,0.5) (0.5,-0.5) (-0.5,-0.5)
168: (0.5,0.5) (-0.5,-0.5) (0.5,0.5) (0.5,0.5)
169: (0.5,-0.5) (-0.5,0.5) (-0.5,0.5) (-0.5,0.5)
170: (-0.5,-0.5) (-0.5,0.5) (-0.5,-0.5) (0.5,-0.5)
171: (0.5,0.5) (0.5,0.5) (-0.5,-0.5) (0.5,0.5)
172: (-0.707106781186547,0.707106781186547) (0,0) (0,0) (-0.707106781186547,0.707106781186547)
173: (0,0) (-0.707106781186547,-0.707106781186547) (-0.707106781186547,0.707106781186547) (0,0)
174: (0.707106781186547,-0.707106781186547) (0,0) (0,0) (0.707106781186547,-0.707106781186547)
175: (-0.707106781186547,0.707106781186547) (0,0) (0,0) (0.707106781186547,0.707106781186547)
176: (0,0) (-0.707106781186547,0.707106781186547) (-0.707106781186547,-0.707106781186547) (0,0)
177: (0.707106781186547,-0.707106781186547) (0,0) (0,0) (-0.707106781186547,-0.707106781186547)
178: (0.707106781186547,0.707106781186547) (0,0) (0,0) (0.707106781186547,0.707106781186547)
179: (0,0) (-0.707106781186547,0.707106781186547) (-0.707106781186547,0.707106781186547) (0,0)
180: (-0.707106781186547,-0.707106781186547) (0,0) (0,0) (0.707106781186547,-0.707106781186547)
181: (0,0) (0.707106781186547,0.707106781186547) (-0.707106781186547,-0.707106781186547) (0,0)
182: (0,0) (0.707106781186547,-0.707106781186547) (0.707106781186547,-0.707106781186547) (0,0)
183: (-0.707106781186547,0.707106781186547) (0,0) (0,0) (0.707106781186547,-0.707106781186547)
184: (0,0) (-0.707106781186547,-0.707106781186547) (0.707106781186547,0.707106781186547) (0,0)
185: (0.707106781186547,-0.707106781186547) (0,0) (0,0) (-0.707106781186547,0.707106781186547)
186: (-0.5,0.5) (0.5,-0.5) (0.5,-0.5) (0.5,-0.5)
187: (-0.707106781186547,-0.707106781186547) (0,0) (0,0) (-0.707106781186547,-0.707106781186547)
188: (-0.5,0.5) (-0.5,0.5) (-0.5,0.5) (0.5,-0.5)
189: (-0.5,-0.5) (-0.5,-0.5) (0.5,0.5) (-0.5,-0.5)
190: (0.5,-0.5) (0.5,-0.5) (0.5,-0.5) (-0.5,0.5)
191: (-0.5,-0.5) (0.5,0.5) (-0.5,-0.5) (-0.5,-0.5)
